0.000000000 0.0
0.000000100000 3.3
0.000000200000 3.3
0.000000300000 3.3
0.000000400000 0.0
0.000000500000 3.3
0.000000600000 3.3
0.000000700000 0.0
0.000000800000 0.0
0.000000900000 0.0
0.000001000000 0.0
0.000001100000 0.0
0.000001200000 0.0
0.000001300000 0.0
0.000001400000 3.3
0.000001500000 3.3
0.000001600000 3.3
0.000001700000 0.0
0.000001800000 3.3
0.000001900000 3.3
0.000002000000 0.0
0.000002100000 3.3
0.000002200000 0.0
0.000002300000 3.3
0.000002400000 0.0
0.000002500000 0.0
0.000002600000 0.0
0.000002700000 3.3
0.000002800000 0.0
0.000002900000 3.3
0.000003000000 3.3
0.000003100000 3.3
0.000003200000 3.3
0.000003300000 3.3
0.000003400000 0.0
0.000003500000 3.3
0.000003600000 0.0
0.000003700000 0.0
0.000003800000 0.0
0.000003900000 3.3
0.000004000000 0.0
0.000004100000 3.3
0.000004200000 0.0
0.000004300000 3.3
0.000004400000 3.3
0.000004500000 0.0
0.000004600000 3.3
0.000004700000 3.3
0.000004800000 3.3
0.000004900000 0.0
0.000005000000 0.0
0.000005100000 0.0
0.000005200000 0.0
0.000005300000 0.0
0.000005400000 0.0
0.000005500000 0.0
0.000005600000 3.3
0.000005700000 3.3
0.000005800000 0.0
0.000005900000 3.3
0.000006000000 3.3
0.000006100000 3.3
0.000006200000 3.3
0.000006300000 0.0
0.000006400000 0.0
0.000006500000 0.0
0.000006600000 3.3
0.000006700000 0.0
0.000006800000 0.0
0.000006900000 3.3
0.000007000000 3.3
0.000007100000 3.3
0.000007200000 3.3
0.000007300000 3.3
0.000007400000 3.3
0.000007500000 3.3
0.000007600000 0.0
0.000007700000 0.0
0.000007800000 0.0
0.000007900000 3.3
0.000008000000 0.0
0.000008100000 0.0
0.000008200000 3.3
0.000008300000 0.0
0.000008400000 3.3
0.000008500000 0.0
0.000008600000 3.3
0.000008700000 3.3
0.000008800000 3.3
0.000008900000 0.0
0.000009000000 3.3
0.000009100000 0.0
0.000009200000 0.0
0.000009300000 0.0
0.000009400000 0.0
0.000009500000 0.0
0.000009600000 3.3
0.000009700000 0.0
0.000009800000 3.3
0.000009900000 3.3
0.000010000000 3.3
0.000010100000 0.0
0.000010200000 3.3
0.000010300000 0.0
0.000010400000 3.3
0.000010500000 0.0
0.000010600000 0.0
0.000010700000 3.3
0.000010800000 0.0
0.000010900000 0.0
0.000011000000 0.0
0.000011100000 3.3
0.000011200000 3.3
0.000011300000 3.3
0.000011400000 3.3
0.000011500000 3.3
0.000011600000 3.3
0.000011700000 3.3
0.000011800000 0.0
0.000011900000 0.0
0.000012000000 3.3
0.000012100000 0.0
0.000012200000 0.0
0.000012300000 0.0
0.000012400000 3.3